100
64 69
2 5
11 80
84 46
9 25
55 78
5 19
79 20
60 16
65 61
42 45
18 52
1 3
99 75
31 97
15 51
14 34
35 53
1 27
35 13
11 33
4 38
2 24
94 50
89 81
66 14
39 16
82 76
46 6
37 31
23 16
95 30
11 100
14 30
66 96
21 10
4 12
46 88
71 67
42 43
93 42
2 4
11 9
64 39
1 8
11 29
3 55
72 91
67 74
41 87
41 19
16 17
81 27
58 39
3 18
7 49
9 1
69 98
12 48
61 92
60 90
6 14
16 8
1 2
7 28
17 76
59 67
26 77
6 1
29 68
13 1
47 26
36 50
31 1
29 56
51 83
59 11
5 72
13 20
8 42
86 53
75 53
85 21
50 57
32 4
61 40
70 60
44 39
15 1
63 40
22 1
73 14
4 7
54 8
7 26
17 62
36 30
40 5
8 10
